<svg
   viewBox="0 0 1075.2 835.20001"><clipPath
       clipPathUnits="userSpaceOnUse"
       id="clipPath18"><path
         d="M 0,626.4 H 806.4 V 0 H 0 Z"
         id="path16" /></clipPath></defs><g
     id="g10"
     transform="matrix(1.3333333,0,0,-1.3333333,0,835.2)"><g
       id="g12"><g
         id="g14"
         clip-path="url(#clipPath18)"><g
           id="g20"
           transform="translate(259.9627,124.9634)"><path
             d="m 0,0 c 11.245,0 19.28,5.788 19.28,15.421 v 0.212 c 0,9.219 -7.072,14.782 -19.173,14.782 H -23.03 L -23.03,0 Z m -31.49,33.953 c 0,2.357 1.925,4.288 4.176,4.288 H 0.75 c 9.21,0 16.602,-2.788 21.312,-7.501 3.644,-3.638 5.784,-8.888 5.784,-14.782 V 15.745 C 27.846,3.426 19.493,-3.744 7.822,-6 l 18.631,-23.99 c 0.862,-0.968 1.393,-1.925 1.393,-3.101 0,-2.25 -2.14,-4.181 -4.279,-4.181 -1.718,0 -3.005,0.963 -3.968,2.25 L -1.5,-7.601 h -21.53 v -25.383 c 0,-2.357 -1.931,-4.288 -4.284,-4.288 -2.251,0 -4.176,1.931 -4.176,4.288 z"
             style="fill:#101820;fill-opacity:1;fill-rule:nonzero;stroke:none"
             id="path22" /></g><g
           id="g24"
           transform="translate(354.3157,115.7504)"><path
             d="M 0,0 -17.245,38.347 -34.49,0 Z m -53.026,-21.958 30.427,66.512 c 1.063,2.362 2.673,3.756 5.354,3.756 h 0.425 c 2.569,0 4.29,-1.394 5.248,-3.756 l 30.426,-66.406 c 0.314,-0.75 0.532,-1.494 0.532,-2.138 0,-2.244 -1.819,-4.069 -4.066,-4.069 -2.038,0 -3.432,1.394 -4.182,3.107 L 3.316,-7.708 h -41.128 l -7.823,-17.457 c -0.744,-1.825 -2.137,-2.894 -4.069,-2.894 -2.138,0 -3.859,1.713 -3.859,3.857 0,0.637 0.112,1.388 0.537,2.244"
             style="fill:#101820;fill-opacity:1;fill-rule:nonzero;stroke:none"
             id="path26" /></g><g
           id="g28"
           transform="translate(415.8924,96.037)"><path
             d="m 0,0 c 18.952,0 31.059,12.857 31.059,29.464 v 0.207 C 31.059,46.278 18.952,59.342 0,59.342 H -17.571 V 0 Z m -26.026,62.879 c 0,2.357 1.926,4.288 4.173,4.288 H 0 c 23.565,0 39.841,-16.176 39.841,-37.278 V 29.671 C 39.841,8.58 23.565,-7.808 0,-7.808 h -21.853 c -2.247,0 -4.173,1.925 -4.173,4.282 z"
             style="fill:#101820;fill-opacity:1;fill-rule:nonzero;stroke:none"
             id="path30" /></g><g
           id="g32"
           transform="translate(474.3612,159.4538)"><path
             d="M 0,0 C 0,2.351 1.931,4.288 4.176,4.288 6.532,4.288 8.458,2.351 8.458,0 v -67.475 c 0,-2.356 -1.926,-4.287 -4.282,-4.287 -2.245,0 -4.176,1.931 -4.176,4.287 z"
             style="fill:#101820;fill-opacity:1;fill-rule:nonzero;stroke:none"
             id="path34" /></g><g
           id="g36"
           transform="translate(569.1452,125.5007)"><path
             d="m 0,0 v 0.207 c 0,17.038 -12.426,30.958 -29.565,30.958 -17.133,0 -29.346,-13.713 -29.346,-30.739 V 0.207 c 0,-17.027 12.426,-30.953 29.559,-30.953 C -12.213,-30.746 0,-17.032 0,0 m -67.693,0 v 0.207 c 0,20.677 15.532,38.784 38.341,38.784 22.82,0 38.134,-17.889 38.134,-38.565 V 0.207 c 0,-20.665 -15.532,-38.766 -38.347,-38.766 -22.814,0 -38.128,17.889 -38.128,38.559"
             style="fill:#101820;fill-opacity:1;fill-rule:nonzero;stroke:none"
             id="path38" /></g><g
           id="g40"
           transform="translate(539.7313,449.6443)"><path
             d="m 0,0 c 0,-26.326 -14.229,-52.277 -42.283,-77.145 -1.239,-1.095 -2.781,-1.632 -4.319,-1.632 -1.791,0 -3.583,0.736 -4.872,2.19 -2.383,2.688 -2.139,6.802 0.559,9.191 25.145,22.281 37.897,44.958 37.897,67.396 v 0.315 c 0,18.213 -11.425,39.653 -26.013,48.8 -3.047,1.911 -3.965,5.931 -2.052,8.972 1.908,3.047 5.929,3.965 8.976,2.06 C -13.809,48.661 0,22.936 0,0.315 Z m -84.493,-54.931 c -1.007,-0.564 -2.096,-0.829 -3.18,-0.829 -2.278,0 -4.491,1.2 -5.684,3.328 -1.754,3.136 -0.637,7.107 2.504,8.858 15.07,8.442 25.206,24.844 25.245,40.853 -0.034,14.713 -8.146,28.104 -21.191,34.967 -3.185,1.675 -4.408,5.61 -2.732,8.792 1.676,3.18 5.613,4.405 8.793,2.732 17.309,-9.102 28.075,-26.865 28.153,-46.397 v -0.199 c -0.083,-20.539 -12.891,-41.454 -31.908,-52.105 m -52.273,19.128 c -15.598,0.008 -28.24,12.655 -28.24,28.254 0,15.6 12.642,28.246 28.24,28.255 15.597,-0.009 28.239,-12.655 28.239,-28.255 0,-15.599 -12.642,-28.246 -28.239,-28.254 m -43.409,-16.629 c -1.194,-2.128 -3.407,-3.328 -5.685,-3.328 -1.084,0 -2.173,0.265 -3.18,0.829 -19.017,10.651 -31.825,31.566 -31.908,52.105 v 0.199 c 0.078,19.532 10.844,37.295 28.154,46.397 3.179,1.673 7.117,0.448 8.793,-2.732 1.675,-3.182 0.453,-7.117 -2.733,-8.792 -13.045,-6.863 -21.157,-20.254 -21.191,-34.967 0.039,-16.009 10.175,-32.411 25.245,-40.853 3.141,-1.751 4.258,-5.722 2.505,-8.858 m -41.884,-24.155 c -1.289,-1.454 -3.081,-2.19 -4.872,-2.19 -1.538,0 -3.08,0.537 -4.319,1.632 -28.054,24.868 -42.283,50.819 -42.283,77.145 v 0.315 c 0,22.621 13.809,48.346 32.108,59.832 3.047,1.905 7.067,0.987 8.975,-2.06 1.913,-3.041 0.995,-7.061 -2.052,-8.972 -14.588,-9.147 -26.013,-30.587 -26.013,-48.8 V 0 c 0,-22.438 12.752,-45.115 37.897,-67.396 2.699,-2.389 2.942,-6.503 0.559,-9.191 M -58.242,89.814 c -32.571,0 -61.673,-17.258 -78.524,-42.457 -16.852,25.199 -45.954,42.457 -78.525,42.457 -51.905,0 -93.955,-42.053 -93.955,-93.952 0,-32.929 20.855,-56.667 42.642,-78.635 l 85.18,-80.532 c 4.463,-4.22 11.809,-1.056 11.809,5.086 v 62.745 c 0,18.153 14.702,32.872 32.849,32.902 18.147,-0.03 32.848,-14.749 32.848,-32.902 v -62.745 c 0,-6.142 7.346,-9.306 11.81,-5.086 l 85.179,80.532 c 21.787,21.968 42.642,45.706 42.642,78.635 0,51.899 -42.05,93.952 -93.955,93.952"
             style="fill:#101820;fill-opacity:1;fill-rule:nonzero;stroke:none"
             id="path42" /></g><g
           id="g44"
           transform="translate(263.3324,261.0474)"><path
             d="M 0,0 H 22.513 V -30.399 H 51.396 V 0 H 73.895 V -81.203 H 51.396 v 30.852 H 22.513 V -81.203 H 0 Z"
             style="fill:#101820;fill-opacity:1;fill-rule:nonzero;stroke:none"
             id="path46" /></g><g
           id="g48"
           transform="translate(386.4048,216.6843)"><path
             d="M 0,0 C 0,6.708 -4.869,11.067 -10.9,11.067 -16.701,11.067 -21.288,6.583 -21.802,0 Z m -42.683,-5.756 v 0.233 c 0,18.326 13.106,32.826 31.667,32.826 21.692,0 31.666,-15.888 31.666,-34.336 0,-1.388 0,-3.008 -0.116,-4.523 h -41.993 c 1.744,-6.847 6.73,-10.331 13.573,-10.331 5.223,0 9.396,1.98 13.922,6.393 l 12.187,-10.092 c -6.04,-7.659 -14.739,-12.763 -27.27,-12.763 -19.715,0 -33.636,13.106 -33.636,32.593"
             style="fill:#101820;fill-opacity:1;fill-rule:nonzero;stroke:none"
             id="path50" /></g><g
           id="g52"
           transform="translate(481.1778,242.599)"><path
             d="m 0,0 h 22.032 v -12.641 c 3.6,8.582 9.401,14.145 19.836,13.686 v -23.204 h -1.853 c -11.48,0 -17.983,-6.608 -17.983,-21.113 V -62.754 H 0 Z"
             style="fill:#101820;fill-opacity:1;fill-rule:nonzero;stroke:none"
             id="path54" /></g><g
           id="g56"
           transform="translate(536.8112,199.3266)"><path
             d="M 0,0 V 25.527 H -7.41 V 43.272 H 0 V 59.166 H 22.048 V 43.272 H 36.664 V 25.527 H 22.048 V 4.292 c 0,-4.408 1.98,-6.255 6.028,-6.255 2.903,0 5.69,0.807 8.356,2.079 V -17.16 C 32.489,-19.366 27.269,-20.765 21.119,-20.765 7.902,-20.765 0,-14.953 0,0"
             style="fill:#101820;fill-opacity:1;fill-rule:nonzero;stroke:none"
             id="path58" /></g><g
           id="g60"
           transform="translate(241.7281,266.8955)"><path
             d="m 0,0 c -6.461,0 -11.698,-5.237 -11.698,-11.698 0,-6.46 5.237,-11.698 11.698,-11.698 6.46,0 11.698,5.238 11.698,11.698 C 11.698,-5.237 6.46,0 0,0"
             style="fill:#101820;fill-opacity:1;fill-rule:nonzero;stroke:none"
             id="path62" /></g><g
           id="g64"
           transform="translate(439.7336,192.3748)"><path
             d="m 0,0 c -5.711,-0.246 -9.104,3.047 -9.104,6.998 0,3.819 3.035,5.795 8.573,5.795 H 12.038 V 12.108 C 11.96,9.53 10.908,0.469 0,0 m 32.919,19.007 c 0,19.488 -13.921,32.594 -33.636,32.594 -12.531,0 -21.23,-5.104 -27.27,-12.763 L -15.8,28.746 c 4.526,4.413 8.699,6.392 13.922,6.392 6.767,0 11.712,-3.412 13.508,-10.109 l 0.019,-0.48 -14.512,-0.062 c -18.033,-0.236 -27.504,-6.956 -27.504,-19.689 0,-12.262 8.739,-18.838 23.788,-18.838 8.153,0 14.417,3.199 18.617,7.558 v -6.048 h 20.855 v 30.701 c 0.005,0.205 0.026,0.393 0.026,0.604 z"
             style="fill:#101820;fill-opacity:1;fill-rule:nonzero;stroke:none"
             id="path66" /></g><g
           id="g68"
           transform="translate(242.1328,237.9948)"><path
             d="m 0,0 h -0.81 c -6.356,0 -11.51,-5.153 -11.51,-11.51 v -46.64 h 23.83 v 46.64 C 11.51,-5.153 6.357,0 0,0"
             style="fill:#101820;fill-opacity:1;fill-rule:nonzero;stroke:none"
             id="path70" /></g></g></g></g></svg>
